# hard hit
0.00 60
0.11 60
0.22 60
0.34 60
0.45 64
0.56 64
0.67 64
0.78 60
0.90 60
1.01 60
1.12 60
1.23 60
1.35 60
1.46 64
1.57 64
1.68 10
1.79 64
1.91 60
2.02 60
2.13 60
2.24 64
2.35 60
2.47 60
2.58 64
2.69 64
2.80 64
2.92 60
3.03 60
3.14 60
3.25 39
3.36 21
3.48 60
3.59 60
3.70 60
3.81 64
3.92 60
4.04 60
4.15 60
4.26 64
4.37 9
4.49 64
4.60 64
4.71 64
4.82 64
4.93 64
5.05 64
5.16 64
5.27 60
5.38 64
5.50 52
5.61 11
5.72 60
5.83 60
5.94 60
6.06 64
6.17 64
6.28 60
6.39 34
6.50 64
6.62 64
6.73 64
6.84 64
6.95 0
7.07 60
7.18 64
7.29 20
7.40 60
7.51 60
7.63 64
7.74 60
7.85 60
7.96 60
8.07 60
8.19 64
8.30 64
8.41 64
8.52 64
8.64 34
8.75 60
8.86 60
8.97 41
9.08 64
9.20 13
9.31 60
9.42 17
9.53 28
9.64 60
9.76 60
9.87 39
9.98 60
10.09 64
10.20 64
10.32 64
10.43 64
10.54 64
10.65 64
10.77 60
10.88 38
10.99 64
11.10 30
11.21 40
11.33 9
11.44 60
11.55 60
11.66 60
11.77 60
11.89 60
12.00 64
12.11 64
12.22 35
12.34 41
12.45 64
12.56 64
12.67 64
12.78 3
12.90 64
13.01 64
13.12 60
13.23 60
13.34 60
13.46 60
13.57 60
13.68 60
13.79 60
13.91 64
14.02 64
14.13 55
14.24 64
14.35 64
14.47 64
14.58 23
14.69 5
14.80 60
14.91 64
15.03 46
15.14 60
15.25 60
15.36 60
15.48 60
15.59 60
15.70 60
15.81 10
15.92 64
16.04 8
16.15 52
16.26 64
16.37 64
16.48 64
16.60 64
16.71 9
16.82 60
16.93 59
17.05 60
17.16 60
17.27 60
17.38 60
17.49 60
17.61 0
17.72 64
17.83 64
17.94 64
18.05 60
18.17 60
18.28 60
18.39 19
18.50 64
18.62 64
18.73 60
18.84 64
18.95 60
19.06 60
19.18 60
19.29 64
19.40 64
19.51 64
19.62 64
19.74 64
19.85 64
19.96 64
20.07 60
20.19 34
20.30 64
20.41 64
20.52 64
20.63 64
20.75 64
20.86 14
20.97 60
21.08 40
21.19 18
21.31 64
21.42 64
21.53 64
21.64 64
21.76 64
21.87 64
21.98 64
22.09 44
22.20 26
22.32 60
22.43 34
22.54 57
22.65 64
22.76 64
22.88 42
22.99 60
23.10 16
23.21 64
23.33 64
23.44 64
23.55 16
23.66 64
23.77 64
23.89 64
24.00 38
24.11 42
24.22 52
24.33 60
24.45 60
24.56 32
24.67 57
24.78 20
24.90 64
25.01 64
25.12 64
25.23 21
25.34 60
25.46 34
25.57 64
25.68 44
25.79 60
25.90 64
26.02 64
26.13 64
26.24 60
26.35 60
26.47 60
26.58 50
26.69 47
26.80 64
26.91 60
27.03 28
27.14 64
27.25 22
27.36 64
27.47 27
27.59 60
27.70 57
27.81 40
27.92 64
28.04 64
28.15 64
28.26 60
28.37 47
28.48 60
28.60 60
28.71 12
28.82 60
28.93 64
29.04 64
29.16 64
29.27 47
29.38 60
29.49 64
29.61 44
29.72 2
29.83 10
29.94 23
30.05 2
30.17 53
30.28 11
30.39 64
30.50 3
30.61 60
30.73 60
30.84 60
30.95 64
31.06 64
31.18 27
31.29 64
31.40 64
31.51 60
31.62 60
31.74 36
31.85 60
31.96 45
32.07 17
32.18 60
32.30 32
32.41 64
32.52 60
32.63 13
32.75 14
32.86 60
32.97 60
33.08 15
33.19 64
33.31 64
33.42 24
33.53 51
33.64 60
33.75 60
33.87 33
33.98 64
34.09 60
34.20 15
34.32 64
34.43 37
34.54 42
34.65 60
34.76 60
34.88 38
34.99 5
35.10 60
35.21 20
35.32 64
35.44 64
35.55 60
35.66 60
35.77 60
35.89 60
36.00 60
36.11 1
36.22 64
36.33 64
36.45 10
36.56 60
36.67 7
36.78 50
36.90 44
37.01 60
37.12 60
37.23 64
37.34 64
37.46 60
37.57 17
37.68 64
37.79 60
37.90 33
38.02 60
38.13 60
38.24 2
38.35 35
38.47 64
38.58 50
38.69 22
38.80 57
38.91 60
39.03 60
39.14 0
39.25 64
39.36 17
39.47 23
39.59 22
39.70 30
39.81 36
39.92 48
40.04 60
40.15 26
40.26 15
40.37 3
40.48 24
40.60 59
40.71 64
40.82 11
40.93 60
41.04 60
41.16 60
41.27 39
41.38 39
41.49 56
41.61 64
41.72 15
41.83 60
41.94 60
42.05 60
42.17 29
42.28 16
42.39 60
42.50 1
42.61 64
42.73 3
42.84 1
42.95 11
43.06 51
43.18 40
43.29 60
43.40 60
43.51 6
43.62 49
43.74 64
43.85 48
43.96 58
44.07 60
44.18 60
44.30 60
44.41 24
44.52 38
44.63 20
44.75 4
44.86 12
44.97 17
45.08 24
45.19 12
45.31 60
45.42 60
45.53 8
45.64 27
45.75 18
45.87 0
45.98 64
46.09 34
46.20 60
46.32 60
46.43 60
46.54 7
46.65 58
46.76 64
46.88 43
46.99 11
47.10 60
47.21 60
47.32 60
47.44 0
47.55 24
47.66 42
47.77 0
47.89 64
48.00 39
48.11 5
48.22 16
48.33 60
48.45 60
48.56 29
48.67 31
48.78 3
48.89 64
49.01 64
49.12 7
49.23 60
49.34 60
49.46 60
49.57 53
49.68 38
49.79 53
49.90 49
50.02 12
50.13 10
50.24 31
50.35 29
50.46 12
50.58 60
50.69 60
50.80 5
50.91 51
51.03 20
51.14 19
51.25 19
51.36 44
51.47 49
51.59 60
51.70 60
51.81 7
51.92 64
52.03 64
52.15 42
52.26 14
52.37 47
52.48 48
52.60 60
52.71 25
52.82 7
52.93 1
53.04 0
53.16 28
53.27 16
53.38 19
53.49 36
53.60 60
53.72 48
53.83 20
53.94 29
54.05 15
54.17 59
54.28 64
54.39 18
54.50 60
54.61 60
54.73 51
54.84 10
54.95 12
55.06 43
55.17 34
55.29 13
55.40 2
55.51 30
55.62 29
55.74 4
55.85 14
55.96 12
56.07 17
56.18 54
56.30 18
56.41 23
56.52 14
56.63 60
56.74 37
56.86 36
56.97 45
57.08 7
57.19 52
57.31 64
57.42 33
57.53 58
57.64 60
57.75 5
57.87 18
57.98 6
58.09 41
58.20 27
58.31 15
58.43 6
58.54 16
58.65 20
58.76 30
58.88 60
58.99 51
59.10 16
59.21 44
59.32 37
59.44 27
59.55 22
59.66 23
59.77 35
59.88 60
60.00 15
60.11 9
60.22 33
60.33 57
60.45 16
60.56 34
60.67 0
60.78 38
60.89 54
61.01 7
61.12 1
61.23 16
61.34 35
61.45 60
61.57 25
61.68 18
61.79 0
61.90 43
62.02 26
62.13 10
62.24 2
62.35 8
62.46 16
62.58 52
62.69 37
62.80 60
62.91 60
63.02 33
63.14 14
63.25 32
63.36 44
63.47 16
63.59 55
63.70 37
63.81 35
63.92 30
64.03 0
64.15 38
64.26 25
64.37 17
64.48 33
64.59 33
64.71 12
64.82 12
64.93 8
65.04 24
65.16 39
65.27 16
65.38 9
65.49 53
65.60 64
65.72 30
65.83 11
65.94 10
66.05 42
66.16 50
66.28 13
66.39 7
66.50 16
66.61 55
66.73 34
66.84 0
66.95 5
67.06 33
67.17 24
67.29 1
67.40 9
67.51 38
67.62 49
67.73 12
67.85 19
67.96 21
68.07 34
68.18 49
68.30 49
68.41 22
68.52 55
68.63 53
68.74 13
68.86 23
68.97 16
69.08 34
69.19 34
69.30 8
69.42 9
69.53 36
69.64 35
69.75 27
69.87 29
69.98 12
70.09 32
70.20 9
70.31 25
70.43 28
70.54 1
70.65 6
70.76 34
70.87 64
70.99 41
71.10 4
71.21 25
71.32 43
71.44 12
71.55 19
71.66 18
71.77 31
71.88 38
72.00 16
72.11 14
72.22 32
72.33 40
72.44 3
72.56 2
72.67 7
72.78 40
72.89 39
73.01 10
73.12 37
73.23 23
73.34 28
73.45 29
73.57 24
73.68 17
73.79 34
73.90 64
74.01 16
74.13 5
74.24 18
74.35 25
74.46 25
74.58 10
74.69 21
74.80 44
74.91 37
75.02 31
75.14 10
75.25 10
75.36 1
75.47 6
75.58 21
75.70 3
75.81 4
75.92 12
76.03 19
76.15 45
76.26 14
76.37 12
76.48 24
76.59 30
76.71 6
76.82 44
76.93 46
77.04 36
77.15 29
77.27 9
77.38 22
77.49 29
77.60 10
77.72 14
77.83 4
77.94 8
78.05 9
78.16 4
78.28 2
78.39 22
78.50 9
78.61 6
78.72 3
78.84 6
78.95 3
79.06 39
79.17 57
79.29 30
79.40 5
79.51 34
79.62 39
79.73 6
79.85 6
79.96 16
80.07 24
80.18 27
80.29 12
80.41 9
80.52 10
80.63 20
80.74 15
80.86 1
80.97 0
81.08 14
81.19 13
81.30 23
81.42 31
81.53 15
81.64 18
81.75 39
81.86 38
81.98 6
82.09 39
82.20 58
82.31 35
82.43 12
82.54 8
82.65 10
82.76 8
82.87 1
82.99 20
83.10 23
83.21 20
83.32 0
83.43 6
83.55 4
83.66 11
83.77 4
83.88 13
84.00 19
84.11 2
84.22 16
84.33 40
84.44 52
84.56 33
84.67 1
84.78 26
84.89 31
85.00 4
85.12 26
85.23 29
85.34 16
85.45 2
85.57 0
85.68 7
85.79 16
85.90 2
86.01 20
86.13 18
86.24 3
86.35 10
86.46 32
86.58 32
86.69 28
86.80 12
86.91 24
87.02 26
87.14 19
87.25 3
87.36 35
87.47 51
87.58 19
87.70 11
87.81 25
87.92 20
88.03 1
88.15 22
88.26 33
88.37 28
88.48 19
88.59 13
88.71 4
88.82 7
88.93 4
89.04 10
89.15 17
89.27 19
89.38 5
89.49 13
89.60 30
89.72 41
89.83 6
89.94 11
90.05 16
90.16 24
90.28 5
90.39 46
90.50 51
90.61 23
90.72 0
90.84 10
90.95 6
91.06 8
91.17 10
91.29 2
91.40 10
91.51 4
91.62 11
91.73 17
91.85 26
91.96 31
92.07 1
92.18 24
92.29 8
92.41 2
92.52 8
92.63 50
92.74 46
92.86 11
92.97 10
93.08 32
93.19 25
93.30 1
93.42 18
93.53 19
93.64 20
93.75 9
93.86 10
93.98 17
94.09 2
94.20 1
94.31 14
94.43 3
94.54 6
94.65 3
94.76 14
94.87 36
94.99 26
95.10 14
95.21 17
95.32 15
95.43 17
95.55 12
95.66 42
95.77 39
95.88 23
96.00 5
96.11 16
96.22 2
96.33 10
96.44 3
96.56 12
96.67 10
96.78 3
96.89 10
97.00 0
97.12 1
97.23 17
97.34 0
97.45 17
97.57 6
97.68 8
97.79 28
97.90 43
98.01 20
98.13 10
98.24 0
98.35 22
98.46 15
98.57 8
98.69 18
98.80 22
98.91 14
99.02 6
99.14 0
99.25 13
99.36 6
99.47 1
99.58 7
99.70 2
99.81 12
99.92 14
100.03 11
100.14 28
100.26 24
100.37 7
100.48 18
100.59 16
100.71 2
100.82 18
100.93 21
101.04 25
101.15 23
101.27 7
101.38 21
101.49 2
101.60 4
101.71 11
101.83 24
101.94 12
102.05 9
102.16 24
102.28 6
102.39 8
102.50 1
102.61 9
102.72 8
102.84 0
102.95 6
103.06 25
103.17 37
103.28 15
103.40 3
103.51 8
103.62 11
103.73 3
103.85 8
103.96 22
104.07 36
104.18 18
104.29 8
104.41 2
104.52 1
104.63 13
104.74 0
104.85 3
104.97 3
105.08 23
105.19 19
105.30 4
105.42 10
105.53 8
105.64 1
105.75 2
105.86 6
105.98 6
106.09 27
106.20 19
106.31 10
106.42 5
106.54 6
106.65 16
106.76 11
106.87 1
106.99 21
107.10 28
107.21 9
107.32 6
107.43 13
107.55 2
107.66 3
107.77 1
107.88 1
107.99 12
108.11 16
108.22 4
108.33 6
108.44 13
108.56 4
108.67 5
108.78 13
108.89 9
109.00 6
109.12 15
109.23 18
109.34 32
109.45 25
109.56 1
109.68 10
109.79 7
109.90 4
110.01 3
110.13 4
110.24 12
110.35 22
110.46 13
110.57 2
110.69 5
110.80 10
110.91 3
111.02 8
111.13 3
111.25 9
111.36 23
111.47 25
111.58 17
111.70 5
111.81 8
111.92 12
112.03 8
112.14 6
112.26 14
112.37 31
112.48 19
112.59 2
112.70 2
112.82 4
112.93 7
113.04 11
113.15 2
113.27 21
113.38 28
113.49 16
113.60 9
113.71 6
113.83 5
113.94 1
114.05 12
114.16 17
114.27 0
114.39 13
114.50 17
114.61 21
114.72 20
114.84 0
114.95 12
115.06 15
115.17 6
115.28 16
115.40 26
115.51 20
115.62 17
115.73 12
115.84 3
115.96 12
116.07 9
116.18 0
116.29 7
116.41 2
116.52 2
116.63 6
116.74 15
116.85 23
116.97 11
117.08 10
117.19 12
117.30 2
117.41 2
117.53 14
117.64 32
117.75 27
117.86 5
117.98 10
118.09 16
118.20 10
118.31 0
118.42 1
118.54 11
118.65 22
118.76 15
118.87 0
118.98 1
119.10 7
119.21 7
119.32 0
119.43 6
119.55 1
119.66 11
119.77 21
119.88 23
119.99 11
120.11 6
120.22 15
120.33 18
120.44 14
120.55 11
120.67 29
120.78 21
120.89 10
121.00 4
121.12 3
121.23 1
121.34 1
121.45 5
121.56 16
121.68 12
121.79 0
121.90 0
122.01 10
122.12 12
122.24 6
122.35 10
122.46 21
122.57 9
122.69 6
122.80 22
122.91 30
123.02 25
123.13 7
123.25 10
123.36 18
123.47 8
123.58 13
123.69 16
123.81 12
123.92 12
124.03 6
124.14 1
124.26 6
124.37 4
124.48 5
124.59 7
124.70 6
124.82 3
124.93 13
125.04 22
125.15 27
125.26 14
125.38 10
125.49 18
125.60 13
125.71 2
125.83 14
125.94 29
126.05 20
126.16 4
126.27 11
126.39 15
126.50 3
126.61 2
126.72 4
126.83 16
126.95 15
127.06 7
127.17 4
127.28 7
127.40 12
127.51 12
127.62 8
127.73 20
127.84 7
127.96 6
128.07 20
128.18 28
128.29 12
128.40 7
128.52 14
128.63 16
128.74 6
128.85 17
128.97 26
129.08 19
129.19 7
129.30 1
129.41 0
129.53 2
129.64 2
129.75 5
129.86 9
129.97 2
130.09 6
130.20 0
130.31 13
130.42 23
130.54 8
130.65 14
130.76 14
130.87 3
130.98 8
131.10 24
131.21 26
131.32 12
131.43 1
131.54 12
131.66 15
131.77 0
131.88 12
131.99 10
132.11 7
132.22 3
132.33 1
132.44 2
132.55 0
132.67 5
132.78 14
132.89 2
133.00 9
133.11 2
133.23 10
133.34 25
133.45 23
133.56 3
133.68 13
133.79 16
133.90 12
134.01 2
134.12 18
134.24 17
134.35 12
134.46 2
134.57 9
134.68 5
134.80 7
134.91 6
135.02 7
135.13 9
135.25 6
135.36 3
135.47 1
135.58 5
135.69 17
135.81 6
135.92 16
136.03 21
136.14 5
136.25 13
136.37 25
136.48 21
136.59 8
136.70 3
136.82 13
136.93 10
137.04 5
137.15 16
137.26 17
137.38 13
137.49 2
137.60 4
137.71 0
137.82 3
137.94 5
138.05 2
138.16 1
138.27 0
138.39 2
138.50 10
138.61 24
138.72 22
138.83 1
138.95 16
139.06 13
139.17 1
139.28 13
139.39 20
139.51 16
139.62 7
139.73 5
139.84 14
139.95 10
140.07 0
140.18 4
140.29 9
140.40 8
140.52 5
140.63 12
140.74 9
140.85 4
140.96 8
141.08 8
141.19 6
141.30 14
141.41 6
141.52 12
141.64 23
141.75 14
141.86 2
141.97 9
142.09 12
142.20 8
142.31 4
142.42 13
142.53 17
142.65 13
142.76 5
142.87 2
142.98 4
143.09 2
143.21 0
143.32 0
143.43 3
143.54 0
143.66 2
143.77 2
143.88 9
143.99 14
144.10 0
144.22 15
144.33 14
144.44 2
144.55 20
144.66 24
144.78 16
144.89 8
145.00 1
145.11 8
145.23 9
145.34 3
145.45 2
145.56 6
145.67 6
145.79 4
145.90 5
146.01 4
146.12 0
146.23 1
146.35 0
146.46 1
146.57 2
146.68 5
146.80 12
146.91 25
147.02 18
147.13 4
147.24 16
147.36 14
147.47 5
147.58 3
147.69 8
147.80 13
147.92 11
148.03 2
148.14 4
148.25 1
148.37 1
148.48 4
148.59 8
148.70 8
148.81 8
148.93 8
149.04 4
149.15 1
149.26 1
149.37 2
149.49 8
149.60 10
149.71 4
149.82 14
149.94 21
150.05 11
150.16 0
150.27 1
150.38 2
150.50 0
150.61 6
150.72 9
150.83 11
150.94 8
151.06 1
151.17 0
151.28 1
151.39 5
151.51 4
151.62 0
151.73 2
151.84 3
151.95 4
152.07 5
152.18 12
152.29 15
152.40 6
152.51 4
152.63 7
152.74 2
152.85 10
152.96 6
153.07 3
153.19 6
153.30 2
153.41 5
153.52 5
153.64 4
153.75 0
153.86 5
153.97 7
154.08 9
154.20 10
154.31 6
154.42 3
154.53 6
154.64 4
154.76 1
154.87 5
154.98 4
155.09 5
155.21 14
155.32 12
155.43 1
155.54 9
155.65 10
155.77 4
155.88 0
155.99 4
156.10 16
156.21 21
156.33 11
156.44 4
156.55 1
156.66 7
156.78 4
156.89 0
