# mic drop
0.00 60
0.11 64
0.22 64
0.34 64
0.45 64
0.56 64
0.67 64
0.78 64
0.90 64
1.01 64
1.12 64
1.23 64
1.35 64
1.46 64
1.57 64
1.68 64
1.79 64
1.91 64
2.02 64
2.13 64
2.24 64
2.35 60
2.47 64
2.58 64
2.69 64
2.80 64
2.92 64
3.03 64
3.14 64
3.25 64
3.36 9
3.48 64
3.59 64
3.70 64
3.81 33
3.92 18
4.04 64
4.15 64
4.26 64
4.37 49
4.49 64
4.60 64
4.71 64
4.82 19
4.93 40
5.05 64
5.16 45
5.27 44
5.38 62
5.50 64
5.61 50
5.72 43
5.83 37
5.94 42
6.06 30
6.17 35
6.28 46
6.39 59
6.50 50
6.62 39
6.73 32
6.84 31
6.95 23
7.07 23
7.18 34
7.29 37
7.40 39
7.51 38
7.63 31
7.74 22
7.85 19
7.96 18
8.07 23
8.19 27
8.30 32
8.41 33
8.52 24
8.64 12
8.75 12
8.86 15
8.97 15
9.08 18
9.20 22
9.31 24
9.42 23
9.53 16
9.64 9
9.76 7
9.87 7
9.98 11
10.09 16
10.20 17
10.32 13
10.43 9
10.54 6
10.65 2
10.77 0
10.88 2
10.99 5
11.10 9
11.21 9
11.33 7
11.44 2
11.55 1
11.66 4
11.77 3
11.89 1
12.00 2
12.11 4
12.22 4
12.34 0
12.45 3
12.56 6
12.67 7
12.78 5
12.90 2
13.01 0
13.12 0
13.23 1
13.34 5
13.46 8
13.57 11
13.68 9
13.79 8
13.91 5
14.02 4
14.13 3
14.24 7
14.35 10
14.47 13
14.58 14
14.69 12
14.80 9
14.91 7
15.03 7
15.14 9
15.25 12
15.36 15
15.48 17
15.59 16
15.70 14
15.81 12
15.92 10
16.04 11
16.15 14
16.26 18
16.37 20
16.48 47
16.60 60
16.71 6
16.82 4
16.93 10
17.05 10
17.16 25
17.27 25
17.38 29
17.49 21
17.61 17
17.72 7
17.83 8
17.94 11
18.05 39
18.17 60
18.28 26
18.39 14
18.50 16
18.62 11
18.73 14
18.84 14
18.95 21
19.06 23
19.18 27
19.29 45
19.40 39
19.51 12
19.62 7
19.74 11
19.85 18
19.96 27
20.07 38
20.19 44
20.30 24
20.41 14
20.52 13
20.63 17
20.75 25
20.86 29
20.97 31
21.08 29
21.19 30
21.31 27
21.42 21
21.53 16
21.64 17
21.76 24
21.87 32
21.98 34
22.09 31
22.20 25
22.32 20
22.43 19
22.54 20
22.65 23
22.76 26
22.88 29
22.99 30
23.10 28
23.21 25
23.33 20
23.44 19
23.55 20
23.66 23
23.77 28
23.89 30
24.00 29
24.11 26
24.22 21
24.33 18
24.45 18
24.56 21
24.67 25
24.78 28
24.90 28
25.01 25
25.12 22
25.23 19
25.34 20
25.46 22
25.57 23
25.68 24
25.79 26
25.90 26
26.02 24
26.13 21
26.24 19
26.35 19
26.47 20
26.58 23
26.69 26
26.80 26
26.91 25
27.03 22
27.14 20
27.25 18
27.36 19
27.47 21
27.59 24
27.70 25
27.81 25
27.92 23
28.04 21
28.15 19
28.26 18
28.37 19
28.48 22
28.60 24
28.71 24
28.82 23
28.93 20
29.04 18
29.16 17
29.27 18
29.38 20
29.49 22
29.61 22
29.72 22
29.83 20
29.94 18
30.05 17
30.17 16
30.28 18
30.39 20
30.50 21
30.61 21
30.73 20
30.84 18
30.95 16
31.06 16
31.18 16
31.29 18
31.40 20
31.51 20
31.62 20
31.74 18
31.85 16
31.96 15
32.07 15
32.18 16
32.30 18
32.41 19
32.52 19
32.63 18
32.75 16
32.86 14
32.97 14
33.08 15
33.19 16
33.31 18
33.42 18
33.53 17
33.64 16
33.75 14
33.87 13
33.98 13
34.09 14
34.20 16
34.32 17
34.43 16
34.54 15
34.65 13
34.76 12
34.88 12
34.99 12
35.10 14
35.21 15
35.32 15
35.44 14
35.55 13
35.66 11
35.77 10
35.89 11
36.00 12
36.11 13
36.22 14
36.33 13
36.45 12
36.56 11
36.67 9
36.78 10
36.90 11
37.01 12
37.12 13
37.23 13
37.34 12
37.46 11
37.57 20
37.68 22
37.79 9
37.90 6
38.02 8
38.13 10
38.24 12
38.35 12
38.47 11
38.58 9
38.69 7
38.80 7
38.91 7
39.03 9
39.14 10
39.25 11
39.36 14
39.47 18
39.59 10
39.70 3
39.81 4
39.92 6
40.04 9
40.15 11
40.26 11
40.37 9
40.48 7
40.60 5
40.71 4
40.82 5
40.93 7
41.04 9
41.16 10
41.27 10
41.38 8
41.49 10
41.61 7
41.72 3
41.83 4
41.94 7
42.05 9
42.17 9
42.28 8
42.39 6
42.50 4
42.61 3
42.73 3
42.84 5
42.95 8
43.06 12
43.18 11
43.29 6
43.40 2
43.51 1
43.62 2
43.74 4
43.85 6
43.96 7
44.07 7
44.18 5
44.30 3
44.41 1
44.52 1
44.63 2
44.75 8
44.86 8
44.97 7
45.08 5
45.19 3
45.31 0
45.42 0
45.53 1
45.64 3
45.75 4
45.87 7
45.98 6
46.09 3
46.20 0
46.32 0
46.43 0
46.54 2
46.65 4
46.76 9
46.88 7
46.99 2
47.10 0
47.21 1
47.32 0
47.44 1
47.55 3
47.66 4
47.77 4
47.89 3
48.00 1
48.11 0
48.22 1
48.33 0
48.45 4
48.56 5
48.67 3
48.78 2
48.89 0
49.01 0
49.12 1
49.23 0
49.34 0
49.46 2
49.57 2
49.68 2
49.79 0
49.90 0
50.02 2
50.13 1
50.24 0
50.35 0
50.46 1
50.58 1
50.69 0
50.80 0
50.91 1
51.03 2
51.14 1
51.25 0
51.36 0
51.47 1
51.59 0
51.70 0
51.81 1
51.92 2
52.03 2
52.15 1
52.26 0
52.37 0
52.48 0
52.60 0
52.71 1
52.82 2
52.93 2
53.04 1
53.16 0
53.27 0
53.38 0
53.49 0
53.60 1
53.72 2
53.83 2
53.94 2
54.05 1
54.17 0
54.28 0
54.39 0
54.50 1
54.61 2
54.73 3
54.84 3
54.95 3
55.06 1
55.17 1
55.29 1
55.40 1
55.51 2
55.62 3
55.74 3
55.85 3
55.96 2
56.07 2
56.18 1
56.30 1
56.41 2
56.52 3
56.63 4
56.74 3
56.86 3
56.97 2
57.08 1
57.19 1
57.31 2
57.42 3
57.53 4
57.64 4
57.75 3
57.87 2
57.98 2
58.09 1
58.20 2
58.31 3
58.43 3
58.54 4
58.65 3
58.76 3
58.88 2
58.99 2
59.10 2
59.21 2
59.32 3
59.44 4
59.55 4
59.66 3
59.77 3
59.88 2
60.00 2
60.11 3
60.22 3
60.33 4
60.45 4
60.56 4
60.67 3
60.78 3
60.89 3
61.01 3
61.12 3
61.23 4
61.34 4
61.45 4
61.57 4
61.68 3
61.79 3
61.90 3
62.02 3
62.13 4
62.24 4
62.35 4
62.46 4
62.58 3
62.69 3
62.80 1
62.91 14
63.02 2
63.14 9
63.25 8
63.36 7
63.47 2
63.59 2
63.70 0
63.81 3
63.92 4
64.03 6
64.15 3
64.26 3
64.37 4
64.48 4
64.59 2
64.71 1
64.82 1
64.93 3
65.04 5
65.16 7
65.27 6
65.38 3
65.49 1
65.60 1
65.72 3
65.83 4
65.94 5
66.05 5
66.16 5
66.28 4
66.39 2
66.50 2
66.61 2
66.73 3
66.84 4
66.95 5
67.06 5
67.17 5
67.29 3
67.40 2
67.51 1
67.62 2
67.73 4
67.85 5
67.96 5
68.07 4
68.18 4
68.30 3
68.41 2
68.52 3
68.63 4
68.74 5
68.86 5
68.97 5
69.08 4
69.19 4
69.30 3
69.42 3
69.53 4
69.64 5
69.75 6
69.87 6
69.98 5
70.09 4
70.20 4
70.31 4
70.43 4
70.54 5
70.65 6
70.76 6
70.87 6
70.99 5
71.10 4
71.21 4
71.32 4
71.44 5
71.55 5
71.66 6
71.77 6
71.88 5
72.00 5
72.11 4
72.22 4
72.33 4
72.44 5
72.56 6
72.67 6
72.78 6
72.89 5
73.01 5
73.12 4
73.23 5
73.34 5
73.45 5
73.57 5
73.68 5
73.79 5
73.90 5
74.01 4
74.13 4
74.24 4
74.35 5
74.46 5
74.58 5
74.69 5
74.80 5
74.91 5
75.02 4
75.14 5
75.25 5
75.36 5
75.47 6
75.58 5
75.70 5
75.81 5
75.92 5
76.03 4
76.15 5
76.26 5
76.37 6
76.48 6
76.59 5
76.71 5
76.82 5
76.93 4
77.04 5
77.15 5
77.27 5
77.38 5
77.49 5
77.60 5
77.72 5
77.83 5
77.94 5
78.05 5
78.16 5
78.28 5
78.39 5
78.50 5
78.61 5
78.72 5
78.84 4
78.95 5
79.06 5
79.17 5
79.29 5
79.40 5
79.51 5
79.62 5
79.73 5
79.85 5
79.96 5
80.07 5
80.18 5
80.29 5
80.41 5
80.52 5
80.63 5
80.74 5
80.86 5
80.97 5
81.08 5
81.19 5
81.30 5
81.42 5
81.53 5
81.64 5
81.75 5
81.86 5
81.98 5
82.09 5
82.20 5
82.31 5
82.43 5
82.54 5
82.65 5
82.76 5
82.87 5
82.99 5
83.10 5
83.21 5
83.32 5
83.43 5
83.55 4
83.66 5
83.77 5
83.88 5
84.00 5
84.11 5
84.22 5
84.33 5
84.44 5
84.56 5
84.67 5
84.78 5
84.89 5
85.00 5
85.12 5
85.23 5
85.34 5
85.45 5
85.57 5
85.68 5
85.79 5
85.90 5
86.01 5
86.13 5
86.24 5
86.35 5
86.46 5
86.58 5
86.69 5
86.80 5
86.91 5
87.02 5
87.14 5
87.25 5
87.36 5
87.47 5
87.58 5
87.70 5
87.81 5
87.92 5
88.03 5
88.15 4
88.26 4
88.37 4
88.48 5
88.59 5
88.71 5
88.82 5
88.93 4
89.04 4
89.15 4
89.27 4
89.38 4
89.49 5
89.60 5
89.72 5
89.83 4
89.94 4
90.05 4
90.16 4
90.28 4
90.39 5
90.50 5
90.61 5
90.72 5
90.84 5
90.95 5
91.06 5
91.17 5
91.29 5
91.40 5
91.51 5
91.62 5
91.73 5
91.85 4
91.96 4
92.07 4
92.18 4
92.29 4
92.41 5
92.52 4
92.63 4
92.74 4
92.86 4
92.97 4
93.08 4
93.19 4
93.30 4
93.42 4
93.53 4
93.64 4
93.75 4
93.86 4
93.98 4
94.09 4
94.20 4
94.31 4
94.43 4
94.54 4
94.65 4
94.76 4
94.87 4
94.99 4
95.10 4
95.21 4
95.32 4
95.43 4
95.55 4
95.66 4
95.77 5
95.88 5
96.00 5
96.11 5
96.22 4
96.33 4
96.44 4
96.56 4
96.67 5
96.78 5
96.89 4
97.00 4
97.12 4
97.23 4
97.34 4
97.45 5
97.57 4
97.68 4
97.79 4
97.90 4
98.01 4
98.13 4
98.24 4
98.35 4
98.46 4
98.57 4
98.69 4
98.80 4
98.91 4
99.02 4
99.14 5
99.25 4
99.36 4
99.47 4
99.58 4
99.70 4
99.81 4
99.92 5
100.03 5
100.14 4
100.26 4
100.37 4
100.48 4
100.59 5
100.71 4
100.82 4
100.93 4
101.04 4
101.15 5
101.27 5
101.38 4
101.49 2
101.60 3
101.71 5
101.83 6
101.94 5
102.05 5
102.16 4
102.28 3
102.39 3
102.50 5
102.61 5
102.72 5
102.84 4
102.95 3
103.06 3
103.17 4
103.28 4
103.40 4
103.51 5
103.62 5
103.73 3
103.85 2
103.96 3
104.07 4
104.18 4
104.29 3
104.41 3
104.52 3
104.63 4
104.74 5
104.85 5
104.97 4
105.08 3
105.19 3
105.30 4
105.42 5
105.53 5
105.64 5
105.75 4
105.86 2
105.98 3
106.09 3
106.20 4
106.31 5
106.42 5
106.54 4
106.65 3
106.76 3
106.87 5
106.99 4
107.10 2
107.21 2
107.32 4
107.43 6
107.55 6
107.66 5
107.77 4
107.88 1
107.99 1
108.11 4
108.22 6
108.33 7
108.44 4
108.56 1
108.67 1
108.78 3
108.89 3
109.00 4
109.12 5
109.23 5
109.34 5
109.45 3
109.56 2
109.68 2
109.79 3
109.90 4
110.01 4
110.13 4
110.24 4
110.35 4
110.46 4
110.57 3
110.69 1
110.80 1
110.91 4
111.02 6
111.13 6
111.25 5
111.36 3
111.47 2
111.58 2
111.70 3
111.81 4
111.92 5
112.03 5
112.14 4
112.26 3
112.37 3
112.48 3
112.59 3
112.70 4
112.82 4
112.93 5
113.04 4
113.15 4
113.27 3
113.38 3
113.49 2
113.60 2
113.71 4
113.83 5
113.94 5
114.05 4
114.16 2
114.27 2
114.39 3
114.50 3
114.61 3
114.72 2
114.84 3
114.95 5
115.06 5
115.17 4
115.28 3
115.40 2
115.51 2
115.62 4
115.73 4
115.84 5
115.96 4
116.07 3
116.18 3
116.29 3
116.41 3
116.52 3
116.63 3
116.74 4
116.85 4
116.97 4
117.08 4
117.19 3
117.30 2
117.41 2
117.53 3
117.64 4
117.75 5
117.86 5
117.98 4
118.09 2
118.20 2
118.31 2
118.42 3
118.54 4
118.65 4
118.76 4
118.87 4
118.98 3
119.10 3
119.21 3
119.32 1
119.43 0
119.55 3
119.66 5
119.77 5
119.88 4
119.99 2
120.11 1
120.22 2
120.33 3
120.44 4
120.55 4
120.67 4
120.78 4
120.89 2
121.00 2
121.12 2
121.23 3
121.34 4
121.45 4
121.56 3
121.68 3
121.79 3
121.90 2
122.01 2
122.12 2
122.24 3
122.35 4
122.46 4
122.57 4
122.69 3
122.80 2
122.91 2
123.02 2
123.13 2
123.25 3
123.36 3
123.47 4
123.58 3
123.69 3
123.81 2
123.92 2
124.03 2
124.14 3
124.26 4
124.37 3
124.48 3
124.59 2
124.70 2
124.82 2
124.93 3
125.04 2
125.15 3
125.26 3
125.38 3
125.49 3
125.60 3
125.71 2
125.83 2
125.94 2
126.05 3
126.16 3
126.27 3
126.39 3
126.50 3
126.61 3
126.72 3
126.83 2
126.95 3
127.06 3
127.17 3
127.28 3
127.40 3
127.51 2
127.62 2
127.73 3
127.84 3
127.96 3
128.07 3
128.18 3
128.29 3
128.40 3
128.52 2
128.63 2
128.74 2
128.85 3
128.97 2
129.08 0
129.19 2
129.30 4
129.41 4
129.53 3
129.64 2
129.75 1
129.86 2
129.97 3
130.09 4
130.20 3
130.31 3
130.42 2
130.54 2
130.65 2
130.76 3
130.87 3
130.98 3
131.10 3
131.21 3
131.32 3
131.43 3
131.54 2
131.66 2
131.77 3
131.88 3
131.99 4
132.11 3
132.22 3
132.33 2
132.44 2
132.55 2
132.67 3
132.78 3
132.89 3
133.00 3
133.11 3
133.23 3
133.34 2
133.45 2
133.56 2
133.68 2
133.79 3
133.90 3
134.01 3
134.12 3
134.24 2
134.35 2
134.46 2
134.57 3
134.68 3
134.80 3
134.91 3
135.02 3
135.13 2
135.25 2
135.36 2
135.47 2
135.58 3
135.69 3
135.81 3
135.92 3
136.03 3
136.14 2
136.25 2
136.37 2
136.48 2
136.59 3
136.70 3
136.82 3
136.93 3
137.04 2
137.15 2
137.26 2
137.38 2
137.49 3
137.60 3
137.71 3
137.82 3
137.94 2
138.05 2
138.16 2
138.27 2
138.39 3
138.50 3
138.61 3
138.72 2
138.83 2
138.95 2
139.06 2
139.17 2
139.28 3
139.39 3
139.51 3
139.62 2
139.73 2
139.84 2
139.95 2
140.07 2
140.18 2
140.29 3
140.40 3
140.52 2
140.63 2
140.74 2
140.85 2
140.96 2
141.08 2
141.19 3
141.30 3
141.41 3
141.52 2
141.64 2
141.75 2
141.86 2
141.97 2
142.09 2
142.20 3
142.31 3
142.42 2
142.53 2
142.65 2
142.76 2
142.87 2
142.98 2
143.09 3
143.21 3
143.32 2
143.43 2
143.54 2
143.66 2
143.77 2
143.88 2
143.99 2
144.10 2
144.22 2
144.33 2
144.44 2
144.55 2
144.66 2
144.78 2
144.89 2
145.00 2
145.11 2
145.23 2
145.34 2
145.45 2
145.56 2
145.67 2
145.79 2
145.90 2
146.01 2
146.12 2
146.23 2
146.35 2
146.46 2
146.57 2
146.68 2
146.80 2
146.91 3
147.02 2
147.13 2
147.24 2
147.36 2
147.47 2
147.58 2
147.69 2
147.80 2
147.92 2
148.03 2
148.14 2
148.25 2
148.37 2
148.48 2
148.59 2
148.70 2
148.81 2
148.93 2
149.04 2
149.15 2
149.26 2
149.37 2
149.49 2
149.60 2
149.71 2
149.82 2
149.94 2
150.05 2
150.16 2
150.27 2
150.38 2
150.50 2
150.61 2
150.72 2
150.83 2
150.94 2
151.06 2
151.17 2
151.28 2
151.39 2
151.51 2
151.62 2
151.73 2
151.84 2
151.95 2
152.07 2
152.18 2
152.29 2
152.40 2
152.51 2
152.63 2
152.74 2
152.85 2
152.96 2
153.07 2
153.19 2
153.30 2
153.41 2
153.52 2
153.64 2
153.75 2
153.86 2
153.97 2
154.08 2
154.20 2
154.31 2
154.42 2
154.53 2
154.64 2
154.76 2
154.87 2
154.98 2
155.09 2
155.21 2
155.32 2
155.43 2
155.54 2
155.65 2
155.77 2
155.88 2
155.99 2
156.10 2
156.21 2
156.33 2
156.44 2
156.55 2
156.66 2
156.78 2
156.89 2

