# tapping with stick on table next to mic
0.00 11
0.11 7
0.23 4
0.34 3
0.45 0
0.56 3
0.68 0
0.79 2
0.90 9
1.02 16
1.13 18
1.24 2
1.35 8
1.47 6
1.58 4
1.69 9
1.81 12
1.92 2
2.03 2
2.14 1
2.26 0
2.37 9
2.48 3
2.60 13
2.71 7
2.82 10
2.93 8
3.05 4
3.16 7
3.27 8
3.39 2
3.50 0
3.61 1
3.72 5
3.84 1
3.95 5
4.06 12
4.18 5
4.29 2
4.40 8
4.51 11
4.63 8
4.74 1
4.85 4
4.97 4
5.08 3
5.19 2
5.30 4
5.42 1
5.53 6
5.64 3
5.76 2
5.87 3
5.98 6
6.09 0
6.21 4
6.32 0
6.43 0
6.55 2
6.66 7
6.77 1
6.88 0
7.00 6
7.11 6
7.22 0
7.34 3
7.45 5
7.56 2
7.67 3
7.79 9
7.90 9
8.01 0
8.13 3
8.24 0
8.35 3
8.46 2
8.58 2
8.69 0
8.80 4
8.92 6
9.03 2
9.14 2
9.25 1
9.37 0
9.48 2
9.59 5
9.71 6
9.82 7
9.93 10
10.04 7
10.16 3
10.27 1
10.38 2
10.50 4
10.61 7
10.72 8
10.83 6
10.95 3
11.06 0
11.17 0
11.29 1
11.40 2
11.51 0
11.62 3
11.74 2
11.85 2
11.96 3
12.08 4
12.19 1
12.30 1
12.41 4
12.53 5
12.64 1
12.75 2
12.87 1
12.98 1
13.09 1
13.20 1
13.32 1
13.43 4
13.54 2
13.66 5
13.77 3
13.88 3
13.99 0
14.11 2
14.22 0
14.33 5
14.45 6
14.56 2
14.67 0
14.78 0
14.90 0
15.01 2
15.12 2
15.24 0
15.35 0
15.46 0
15.57 1
15.69 0
15.80 0
15.91 1
16.03 3
16.14 0
16.25 0
16.36 3
16.48 0
16.59 0
16.70 1
16.82 1
16.93 0
17.04 0
17.15 0
17.27 0
17.38 2
17.49 2
17.61 0
17.72 0
17.83 2
17.94 1
18.06 2
18.17 2
18.28 2
18.40 3
18.51 2
18.62 3
18.73 2
18.85 1
18.96 4
19.07 4
19.19 2
19.30 3
19.41 2
19.52 1
19.64 1
19.75 0
19.86 0
19.98 0
20.09 1
20.20 2
20.31 2
20.43 1
20.54 0
20.65 0
20.77 1
20.88 2
20.99 4
21.10 3
21.22 4
21.33 3
21.44 2
21.56 3
21.67 4
21.78 3
21.89 3
22.01 4
22.12 2
22.23 3
22.35 3
22.46 1
22.57 2
22.68 2
22.80 2
22.91 4
23.02 4
23.14 2
23.25 1
23.36 3
23.47 0
23.59 2
23.70 3
23.81 3
23.93 2
24.04 3
24.15 4
24.26 3
24.38 1
24.49 1
24.60 4
24.72 4
24.83 4
24.94 4
25.05 3
25.17 2
25.28 4
25.39 2
25.51 3
25.62 4
25.73 3
25.84 2
25.96 2
26.07 2
26.18 1
26.30 1
26.41 1
26.52 1
26.63 3
26.75 1
26.86 1
26.97 0
27.09 0
27.20 0
27.31 0
27.42 1
27.54 2
27.65 1
27.76 0
27.88 0
27.99 1
28.10 1
28.21 0
28.33 0
28.44 0
28.55 1
28.67 0
28.78 0
28.89 1
29.00 0
29.12 0
29.23 2
29.34 2
29.46 2
29.57 3
29.68 2
29.79 1
29.91 1
30.02 2
30.13 3
30.25 2
30.36 1
30.47 1
30.58 1
30.70 1
30.81 2
30.92 0
31.04 1
31.15 0
31.26 0
31.37 1
31.49 0
31.60 1
31.71 2
31.83 1
31.94 2
32.05 2
32.16 2
32.28 2
32.39 3
32.50 2
32.62 2
32.73 2
32.84 1
32.95 2
33.07 3
33.18 3
33.29 3
33.41 2
33.52 2
33.63 3
33.74 2
33.86 2
33.97 2
34.08 2
34.20 2
34.31 2
34.42 3
34.53 2
34.65 1
34.76 1
34.87 1
34.99 3
35.10 1
35.21 2
35.32 2
35.44 2
35.55 2
35.66 3
35.78 2
35.89 3
36.00 4
36.11 3
36.23 2
36.34 2
36.45 5
36.57 3
36.68 1
36.79 2
36.90 4
37.02 2
37.13 2
37.24 2
37.36 3
37.47 1
37.58 1
37.69 2
37.81 2
37.92 3
38.03 3
38.15 2
38.26 1
38.37 1
38.48 2
38.60 1
38.71 1
38.82 3
38.94 2
39.05 2
39.16 0
39.27 2
39.39 1
39.50 1
39.61 2
39.73 1
39.84 2
39.95 1
40.06 2
40.18 2
40.29 2
40.40 1
40.52 1
40.63 1
40.74 3
40.85 2
40.97 1
41.08 1
41.19 1
41.31 2
41.42 0
41.53 0
41.64 1
41.76 1
41.87 1
41.98 0
42.10 0
42.21 0
42.32 0
42.43 2
42.55 0
42.66 0
42.77 1
42.89 0
43.00 1
43.11 0
43.22 1
43.34 1
43.45 1
43.56 2
43.68 2
43.79 2
43.90 2
44.01 2
44.13 1
44.24 1
44.35 2
44.47 2
44.58 3
44.69 3
44.80 2
44.92 2
45.03 3
45.14 2
45.26 3
45.37 1
45.48 1
45.59 3
45.71 1
45.82 2
45.93 1
46.05 2
46.16 2
46.27 1
46.38 1
46.50 1
46.61 3
46.72 2
46.84 1
46.95 1
47.06 3
47.17 1
47.29 3
47.40 2
47.51 2
47.63 3
47.74 2
47.85 3
47.96 2
48.08 2
48.19 2
48.30 2
48.42 3
48.53 2
48.64 4
48.75 1
48.87 1
48.98 2
49.09 3
49.21 3
49.32 2
49.43 2
49.54 2
49.66 1
49.77 2
49.88 3
50.00 2
50.11 1
50.22 2
50.33 3
50.45 2
50.56 1
50.67 2
50.79 1
50.90 1
51.01 2
51.12 2
51.24 2
51.35 1
51.46 2
51.58 2
51.69 2
51.80 2
51.91 1
52.03 2
52.14 2
52.25 2
52.37 1
52.48 2
52.59 3
52.70 1
52.82 2
52.93 2
53.04 1
53.16 2
53.27 0
53.38 1
53.49 1
53.61 1
53.72 0
53.83 1
53.95 1
54.06 1
54.17 0
54.28 1
54.40 1
54.51 1
54.62 1
54.74 0
54.85 2
54.96 2
55.07 1
55.19 2
55.30 1
55.41 1
55.53 1
55.64 2
55.75 2
55.86 2
55.98 1
56.09 1
56.20 1
56.32 2
56.43 2
56.54 2
56.65 0
56.77 3
56.88 1
56.99 2
57.11 0
57.22 1
57.33 1
57.44 1
57.56 1
57.67 1
57.78 2
57.90 2
58.01 2
58.12 2
58.23 2
58.35 2
58.46 2
58.57 1
58.69 3
58.80 2
58.91 2
59.02 2
59.14 2
59.25 2
59.36 3
59.48 3
59.59 3
59.70 2
59.81 2
59.93 3
60.04 3
60.15 2
60.27 2
60.38 2
60.49 2
60.60 3
60.72 3
60.83 3
60.94 1
61.06 1
61.17 1
61.28 2
61.39 2
61.51 2
61.62 2
61.73 1
61.85 2
61.96 2
62.07 2
62.18 2
62.30 2
62.41 2
62.52 1
62.64 2
62.75 2
62.86 2
62.97 1
63.09 2
63.20 3
63.31 2
63.43 2
63.54 1
63.65 2
63.76 2
63.88 1
63.99 1
64.10 1
64.22 2
64.33 2
64.44 2
64.55 2
64.67 2
64.78 1
64.89 1
65.01 1
65.12 1
65.23 1
65.34 2
65.46 0
65.57 1
65.68 1
65.80 2
65.91 1
66.02 2
66.13 1
66.25 1
66.36 0
66.47 1
66.59 2
66.70 2
66.81 2
66.92 1
67.04 2
67.15 2
67.26 2
67.38 2
67.49 1
67.60 1
67.71 1
67.83 1
67.94 2
68.05 1
68.17 0
68.28 1
68.39 1
68.50 1
68.62 1
68.73 1
68.84 2
68.96 1
69.07 1
69.18 1
69.29 1
69.41 1
69.52 1
69.63 2
69.75 2
69.86 2
69.97 2
70.08 1
70.20 1
70.31 2
70.42 2
70.54 2
70.65 2
70.76 2
70.87 3
70.99 2
71.10 2
71.21 2
71.33 2
71.44 2
71.55 2
71.66 3
71.78 3
71.89 2
72.00 2
72.12 1
72.23 2
72.34 2
72.45 2
72.57 2
72.68 3
72.79 2
72.91 2
73.02 2
73.13 2
73.24 3
73.36 2
73.47 2
73.58 2
73.70 2
73.81 2
73.92 2
74.03 2
74.15 2
74.26 2
74.37 2
74.49 2
74.60 2
74.71 2
74.82 2
74.94 2
75.05 2
75.16 2
75.28 3
75.39 2
75.50 2
75.61 2
75.73 2
75.84 2
75.95 2
76.07 1
76.18 1
76.29 1
76.40 2
76.52 2
76.63 1
76.74 1
76.86 1
76.97 1
77.08 1
77.19 1
77.31 1
77.42 2
77.53 1
77.65 1
77.76 2
77.87 2
77.98 1
78.10 2
78.21 1
78.32 2
78.44 2
78.55 2
78.66 1
78.77 1
78.89 1
79.00 2
79.11 2
79.23 1
79.34 0
79.45 1
79.56 1
79.68 2
79.79 2
79.90 1
80.02 1
80.13 1
80.24 1
80.35 1
80.47 1
80.58 1
80.69 1
80.81 1
80.92 2
81.03 2
81.14 1
81.26 1
81.37 1
81.48 1
81.60 2
81.71 2
81.82 2
81.93 2
82.05 2
82.16 2
82.27 2
82.39 2
82.50 2
82.61 2
82.72 1
82.84 1
82.95 2
83.06 2
83.18 2
83.29 2
83.40 2
83.51 2
83.63 2
83.74 2
83.85 2
83.97 2
84.08 1
84.19 2
84.30 2
84.42 2
84.53 2
84.64 2
84.76 2
84.87 2
84.98 2
85.09 2
85.21 2
85.32 2
85.43 2
85.55 2
85.66 2
85.77 2
85.88 2
86.00 2
86.11 2
86.22 2
86.34 2
86.45 2
86.56 2
86.67 2
86.79 2
86.90 2
87.01 2
87.13 1
87.24 2
87.35 2
87.46 1
87.58 1
87.69 1
87.80 2
87.92 2
88.03 2
88.14 1
88.25 1
88.37 1
88.48 2
88.59 2
88.71 1
88.82 1
88.93 1
89.04 1
89.16 1
89.27 2
89.38 1
89.50 1
89.61 2
89.72 2
89.83 2
89.95 1
90.06 1
90.17 2
90.29 2
90.40 1
90.51 2
90.62 1
90.74 1
90.85 1
90.96 1
91.08 1
91.19 1
91.30 1
91.41 1
91.53 2
91.64 1
91.75 2
91.87 1
91.98 1
92.09 1
92.20 1
92.32 1
92.43 1
92.54 1
92.66 2
92.77 2
92.88 1
92.99 1
93.11 1
93.22 1
93.33 2
93.45 2
93.56 1
93.67 2
93.78 2
93.90 2
94.01 2
94.12 2
94.24 2
94.35 2
94.46 2
94.57 2
94.69 2
94.80 2
94.91 2
95.03 1
95.14 2
95.25 2
95.36 2
95.48 1
95.59 2
95.70 2
95.82 2
95.93 1
96.04 2
96.15 2
96.27 2
96.38 2
96.49 2
96.61 2
96.72 2
96.83 2
96.94 2
97.06 2
97.17 2
97.28 2
97.40 2
97.51 2
97.62 2
97.73 2
97.85 2
97.96 2
98.07 2
98.19 2
98.30 2
98.41 2
98.52 2
98.64 2
98.75 2
98.86 2
98.98 2
99.09 2
99.20 2
99.31 1
99.43 2
99.54 2
99.65 2
99.76 2
99.88 2
99.99 2
100.10 2
100.22 1
100.33 2
100.44 2
100.55 2
100.67 2
100.78 2
100.89 2
101.01 2
101.12 2
101.23 2
101.34 2
101.46 1
101.57 1
101.68 2
101.80 2
101.91 1
102.02 1
102.13 1
102.25 1
102.36 1
102.47 1
102.59 1
102.70 1
102.81 1
102.92 1
103.04 1
103.15 1
103.26 1
103.38 1
103.49 1
103.60 1
103.71 1
103.83 1
103.94 1
104.05 1
104.17 1
104.28 1
104.39 1
104.50 1
104.62 1
104.73 2
104.84 1
104.96 1
105.07 2
105.18 1
105.29 1
105.41 1
105.52 1
105.63 1
105.75 2
105.86 1
105.97 1
106.08 1
106.20 2
106.31 2
106.42 2
106.54 2
106.65 2
106.76 2
106.87 1
106.99 2
107.10 1
107.21 1
107.33 1
107.44 2
107.55 2
107.66 2
107.78 2
107.89 2
108.00 2
108.12 2
108.23 2
108.34 2
108.45 2
108.57 2
108.68 2
108.79 2
108.91 2
109.02 2
109.13 2
109.24 2
109.36 2
109.47 2
109.58 2
109.70 2
109.81 2
109.92 2
110.03 2
110.15 2
110.26 2
110.37 2
110.49 2
110.60 2
110.71 2
110.82 2
110.94 2
111.05 2
111.16 2
111.28 2
111.39 2
111.50 2
111.61 1
111.73 2
111.84 2
111.95 2
112.07 2
112.18 2
112.29 2
112.40 2
112.52 2
112.63 2
112.74 2
112.86 2
112.97 2
113.08 2
113.19 2
113.31 2
113.42 2
113.53 2
113.65 1
113.76 1
113.87 1
113.98 2
114.10 2
114.21 2
114.32 1
114.44 1
114.55 1
114.66 2
114.77 2
114.89 2
115.00 2
115.11 1
115.23 1
115.34 2
115.45 2
115.56 2
115.68 1
115.79 1
115.90 2
116.02 2
116.13 1
116.24 1
116.35 1
116.47 2
116.58 2
116.69 2
116.81 1
116.92 1
117.03 1
117.14 2
117.26 1
117.37 1
117.48 2
117.60 2
117.71 1
117.82 1
117.93 2
118.05 2
118.16 1
118.27 1
118.39 1
118.50 2
118.61 2
118.72 1
118.84 2
118.95 2
119.06 1
119.18 2
119.29 2
119.40 2
119.51 2
119.63 2
119.74 1
119.85 1
119.97 2
120.08 2
120.19 1
120.30 1
120.42 2
120.53 2
120.64 2
120.76 2
120.87 2
120.98 2
121.09 2
121.21 2
121.32 2
121.43 2
121.55 2
121.66 2
121.77 2
121.88 1
122.00 2
122.11 1
122.22 1
122.34 2
122.45 2
122.56 2
122.67 1
122.79 2
122.90 2
123.01 2
123.13 2
123.24 2
123.35 2
123.46 2
123.58 2
123.69 2
123.80 2
123.92 2
124.03 2
124.14 2
124.25 2
124.37 2
124.48 2
124.59 2
124.71 2
124.82 2
124.93 2
125.04 2
125.16 2
125.27 2
125.38 2
125.50 2
125.61 2
125.72 2
125.83 2
125.95 2
126.06 2
126.17 2
126.29 2
126.40 1
126.51 2
126.62 2
126.74 2
126.85 2
126.96 2
127.08 2
127.19 2
127.30 2
127.41 2
127.53 2
127.64 2
127.75 2
127.87 1
127.98 2
128.09 2
128.20 2
128.32 2
128.43 2
128.54 2
128.66 2
128.77 1
128.88 1
128.99 2
129.11 2
129.22 1
129.33 2
129.45 1
129.56 2
129.67 2
129.78 1
129.90 2
130.01 1
130.12 1
130.24 2
130.35 1
130.46 2
130.57 1
130.69 1
130.80 2
130.91 1
131.03 2
131.14 2
131.25 2
131.36 1
131.48 2
131.59 2
131.70 2
131.82 2
131.93 2
132.04 2
132.15 2
132.27 2
132.38 2
132.49 2
132.61 2
132.72 2
132.83 2
132.94 2
133.06 2
133.17 2
133.28 2
133.40 2
133.51 2
133.62 2
133.73 2
133.85 2
133.96 2
134.07 2
134.19 2
134.30 2
134.41 1
134.52 2
134.64 2
134.75 2
134.86 2
134.98 2
135.09 2
135.20 2
135.31 2
135.43 2
135.54 2
135.65 2
135.77 2
135.88 2
135.99 2
136.10 2
136.22 2
136.33 2
136.44 1
136.56 2
136.67 2
136.78 2
136.89 2
137.01 1
137.12 2
137.23 2
137.35 2
137.46 2
137.57 1
137.68 2
137.80 1
137.91 2
138.02 1
138.14 1
138.25 1
138.36 1
138.47 1
138.59 2
138.70 2
138.81 2
138.93 1
139.04 1
139.15 2
139.26 2
139.38 1
139.49 1
139.60 2
139.72 2
139.83 2
139.94 1
140.05 1
140.17 2
140.28 2
140.39 2
140.51 2
140.62 2
140.73 2
140.84 1
140.96 2
141.07 2
141.18 2
141.30 2
141.41 1
141.52 1
141.63 2
141.75 2
141.86 2
141.97 2
142.09 2
142.20 2
142.31 2
142.42 2
142.54 2
142.65 1
142.76 1
142.88 2
142.99 2
143.10 2
143.21 2
143.33 2
143.44 2
143.55 2
143.67 2
143.78 1
143.89 2
144.00 2
144.12 2
144.23 2
144.34 2
144.46 2
144.57 2
144.68 2
144.79 2
144.91 2
145.02 2
145.13 2
145.25 2
145.36 2
145.47 2
145.58 1
145.70 2
145.81 2
145.92 2
146.04 2
146.15 2
146.26 2
146.37 2
146.49 2
146.60 2
146.71 2
146.83 1
146.94 2
147.05 2
147.16 2
147.28 2
147.39 2
147.50 2
147.62 2
147.73 2
147.84 2
147.95 2
148.07 2
148.18 2
148.29 2
148.41 2
148.52 2
148.63 2
148.74 2
148.86 2
148.97 2
149.08 2
149.20 2
149.31 2
149.42 2
149.53 2
149.65 2
149.76 2
149.87 2
149.99 2
150.10 2
150.21 2
150.32 2
150.44 2
150.55 2
150.66 2
150.78 2
150.89 2
151.00 1
151.11 2
151.23 2
151.34 2
151.45 2
151.56 2
151.68 2
151.79 1
151.90 2
152.02 2
152.13 2
152.24 2
152.35 2
152.47 2
152.58 2
152.69 2
152.81 2
152.92 1
153.03 1
153.14 1
153.26 2
153.37 2
153.48 2
153.60 2
153.71 1
153.82 1
153.93 2
154.05 2
154.16 1
154.27 1
154.39 1
154.50 1
154.61 2
154.72 2
154.84 1
154.95 1
155.06 1
155.18 1
155.29 1
155.40 1
155.51 1
155.63 1
155.74 1
155.85 1
155.97 1
156.08 2
156.19 2
156.30 1
156.42 1
156.53 2
156.64 1
156.76 1
156.87 1
156.98 2
157.09 2
157.21 1
157.32 1
157.43 2
157.55 2
157.66 1
157.77 2
157.88 1
